{
    "playerMode": "激光",
    "playerNumber": 0,
    "playerName": "邓妍怡",
    "playerDate": "20181010",
    "timeEmpty_0": 52.713069915771487,
    "timeGrabPanel_1": 0.0,
    "timeEnlargePanel_2": 0.0,
    "timeShrinkPanel_3": 0.0,
    "timeRotatePanel_4": 0.0,
    "timeViewPanel_5": 0.0,
    "timeClosePanel_6": 0.0,
    "timeColorPanel_7": 0.0,
    "timeSizePanel_8": 0.0,
    "timeCollectPanel_9": 0.0,
    "timeBoxPanel_10": 0.0
}
{
    "playerMode": "激光",
    "playerNumber": 0,
    "playerName": "邓妍怡",
    "playerDate": "20181010",
    "timeEmpty_0": 10.470926284790039,
    "timeGrabPanel_1": 0.0,
    "timeEnlargePanel_2": 0.0,
    "timeShrinkPanel_3": 0.0,
    "timeRotatePanel_4": 0.0,
    "timeViewPanel_5": 0.0,
    "timeClosePanel_6": 0.0,
    "timeColorPanel_7": 0.0,
    "timeSizePanel_8": 0.0,
    "timeCollectPanel_9": 0.0,
    "timeBoxPanel_10": 0.0
}
{
    "playerMode": "激光",
    "playerNumber": 0,
    "playerName": "邓妍怡",
    "playerDate": "20181010",
    "timeEmpty_0": 10.521434783935547,
    "timeGrabPanel_1": 12.934122085571289,
    "timeEnlargePanel_2": 18.622447967529298,
    "timeShrinkPanel_3": 19.614667892456056,
    "timeRotatePanel_4": 11.570841789245606,
    "timeViewPanel_5": 15.893020629882813,
    "timeClosePanel_6": 8.801800727844239,
    "timeColorPanel_7": 24.251312255859376,
    "timeSizePanel_8": 24.58426284790039,
    "timeCollectPanel_9": 15.528111457824707,
    "timeBoxPanel_10": 12.196124076843262
}
